data/igrg0010.18i
     1.0            IONOSPHERE MAPS     MIX                 IONEX VERSION / TYPE
tecrms2ionex_2.awk  GRL/UWM            01/02/18 2001UT      PGM / RUN BY / DATE
Global ionosphere maps for day   1, 2018 ( 1- 1-2018)       DESCRIPTION
IONEX file containing the COMBINED IGS Ionosphere maps      DESCRIPTION
from the combination of the following IAACs:                DESCRIPTION
esrg                                                        DESCRIPTION
jprg                                                        DESCRIPTION
uprg                                                        DESCRIPTION
Contact address: Andrzej Krankowski                         DESCRIPTION
                 Geodynamics Research Laboratory            DESCRIPTION
                 University of Warmia and Mazury (GRL/UWM)  DESCRIPTION
                 Oczapowski St. 1                           DESCRIPTION
                 10-957-Olsztyn, POLAND                     DESCRIPTION
                 e-mail:  kand@uwm.edu.pl                   DESCRIPTION
                                                            DESCRIPTION
  2018     1     1     0     0     0                        EPOCH OF FIRST MAP
  2018     1     2     0     0     0                        EPOCH OF LAST MAP
  7200                                                      INTERVAL
    13                                                      # OF MAPS IN FILE
  COSZ                                                      MAPPING FUNCTION
     0.0                                                    ELEVATION CUTOFF
Combined TEC calculated as weighted mean of input TEC valuesOBSERVABLES USED
   266                                                      # OF STATIONS
     0                                                      # OF SATELLITES
  6371.0                                                    BASE RADIUS
     2                                                      MAP DIMENSION
   450.0 450.0   0.0                                        HGT1 / HGT2 / DHGT
    87.5 -87.5  -2.5                                        LAT1 / LAT2 / DLAT
  -180.0 180.0   5.0                                        LON1 / LON2 / DLON
    -1                                                      EXPONENT
TEC values in  0.1 TECUs; 9999 if no value available        COMMENT
DCB values in nanoseconds, reference is Sum_of_SatDCBs = 0  COMMENT
                                                            END OF HEADER
[from data line 4719]
    12                                                      START OF TEC MAP
  2018     1     1    22     0     0                        EPOCH OF CURRENT MAP
    87.5-180.0 180.0   5.0 450.0                            LAT/LON1/LON2/DLON/H
   23   23   22   22   22   22   22   22   23   23   22   20   20   21   21   22
   21   19   16   16   16   17   17   18   18   18   16   16   17   18   19   19
   19   20   18   18   18   18   19   19   19   19   19   20   21   22   22   22
   20   20   20   19   19   22   22   22   21   21   21   21   21   21   21   22
   24   25   25   25   24   24   25   25   25
    85.0-180.0 180.0   5.0 450.0                            LAT/LON1/LON2/DLON/H
   25   25   23   24   25   25   25   25   25   25   24   23   23   23   23   23
   21   19   17   16   16   16   16   16   17   16   15   15   15   16   16   16
   17   18   15   16   16   17   18   18   18   19   19   21   23   23   24   24
   23   23   21   21   21   23   23   23   23   23   22   22   22   21   22   22
   24   26   27   27   26   26   26   27   27
    82.5-180.0 180.0   5.0 450.0                            LAT/LON1/LON2/DLON/H
   25   24   24   23   25   26   26   27   27   27   27   26   25   25   24   22
   19   18   18   17   17   16   15   15   15   15   14   13   14   14   14   14
   15   15   14   15   16   17   18   19   20   20   21   23   24   26   26   26
   25   24   24   24   26   26   26   25   25   24   24   23   23   21   21   22
   25   26   27   26   25   24   25   26   26
    80.0-180.0 180.0   5.0 450.0                            LAT/LON1/LON2/DLON/H
   22   22   22   23   24   27   28   28   29   29   28   27   28   26   24   21
   21   19   19   19   18   17   15   14   13   12   12   12   12   11   11   11
   12   12   13   13   14   17   18   19   21   22   23   24   26   29   28   29
   29   25   26   27   27   28   28   27   28   26   25   24   22   20   20   22
   23   23   24   23   22   22   22   23   23
    77.5-180.0 180.0   5.0 450.0                            LAT/LON1/LON2/DLON/H
   19   20   21   24   26   26   27   29   30   32   32   31   31   28   25   22
   20   19   18   17   16   16   15   14   12   12   13   12   12   11   10   11
   13   13   13   15   16   16   18   18   19   21   22   24   27   27   27   30
   33   28   28   27   28   28   28   28   27   27   26   24   20   19   19   20
   20   19   19   19   20   20   19   19   19
    75.0-180.0 180.0   5.0 450.0                            LAT/LON1/LON2/DLON/H
   19   20   22   24   26   27   28   31   31   33   34   34   32   30   26   24
   21   20   17   15   15   15   14   13   13   13   12   11   10   10   10   11
   11   11   12   14   16   17   18   19   19   21   21   22   22   21   22   29
   25   26   24   25   26   26   26   25   24   23   22   21   18   16   16   17
   17   17   16   16   16   17   17   18   19
    72.5-180.0 180.0   5.0 450.0                            LAT/LON1/LON2/DLON/H
   21   23   25   26   27   29   31   33   34   36   37   37   35   32   27   25
   22   21   17   15   15   12   13   12   12   13   11   11   10   10   10   10
   10   13   13   14   15   17   17   19   20   22   21   21   21   21   21   22
   21   27   25   22   22   22   24   23   20   19   20   19   17   16   14   15
   15   15   15   15   15   16   18   19   20
    70.0-180.0 180.0   5.0 450.0                            LAT/LON1/LON2/DLON/H
   24   26   29   30   31   31   34   35   37   39   40   41   38   35   31   27
   22   20   16   16   15   11   13   13    9   12   11   12   10   12   12   10
   12   13   16   16   16   17   17   18   19   18   18   19   18   18   18   17
   17   22   21   21   18   20   21   22   20   23   21   20   19   17   15   14
   13   12   13   14   14   17   19   21   23
    67.5-180.0 180.0   5.0 450.0                            LAT/LON1/LON2/DLON/H
   28   32   33   35   35   36   37   38   40   41   43   43   42   39   35   29
   23   22   20   18   16   14   15   14   10   13   11   11   12   13   15   13
   15   14   15   15   16   17   17   18   18   18   16   16   16   13   13   16
   12   19   22   20   19   19   22   24   25   26   25   23   23   22   20   18
   15   13   13   14   16   21   24   26   28
    65.0-180.0 180.0   5.0 450.0                            LAT/LON1/LON2/DLON/H
   35   38   38   39   39   41   39   42   43   45   46   45   44   43   38   31
   27   24   24   20   18   13   15   18   15   13   13   16   16   14   13   13
   14   12   12   12   12   14   14   15   16   15   15   14   15   15   12   13
   11   15   15   21   23   24   28   31   31   32   31   27   27   28   25   21
   18   17   17   18   21   26   30   34   37
    62.5-180.0 180.0   5.0 450.0                            LAT/LON1/LON2/DLON/H
   45   46   47   47   46   46   46   47   49   49   50   50   48   46   43   38
   36   31   27   23   22   18   18   21   21   16   14   16   17   15   14   14
   13   12   12   12   13   14   15   14   12   12   14   15   16   17   22   18
   14   14   14   20   24   30   37   39   36   38   38   35   32   32   30   27
   23   23   24   26   29   31   37   42   44
    60.0-180.0 180.0   5.0 450.0                            LAT/LON1/LON2/DLON/H
   53   54   54   55   53   52   54   53   54   56   57   56   54   51   48   45
   41   38   33   28   26   23   17   19   19   18   17   15   16   19   15   14
   14   13   13   13   15   14   15   17   17   19   19   17   18   25   24   24
   24   23   24   26   29   37   43   44   41   41   44   45   42   39   35   34
   31   28   28   29   33   36   43   49   52
    57.5-180.0 180.0   5.0 450.0                            LAT/LON1/LON2/DLON/H
   61   63   63   64   63   62   62   62   61   62   64   63   62   59   56   53
   48   45   42   37   30   25   22   22   20   19   22   18   20   23   22   16
   17   15   15   18   18   20   21   23   23   24   26   29   32   34   31   34
   39   39   41   41   41   48   48   48   48   47   49   52   50   46   42   39
   35   33   33   36   38   45   52   56   61
    55.0-180.0 180.0   5.0 450.0                            LAT/LON1/LON2/DLON/H
   70   70   75   74   75   73   73   73   73   72   71   72   70   67   65   61
   57   54   51   47   39   30   27   24   23   22   22   22   22   24   25   23
   21   21   23   25   27   28   30   30   31   34   40   40   44   46   46   52
   58   61   59   60   57   59   56   56   55   53   54   56   54   50   45   41
   38   38   39   41   45   50   59   65   70
    52.5-180.0 180.0   5.0 450.0                            LAT/LON1/LON2/DLON/H
   78   81   84   85   87   88   87   84   84   81   80   79   77   75   72   70
   66   62   60   54   46   37   31   28   26   24   25   25   28   29   28   28
   27   29   29   32   32   33   36   38   41   47   48   52   55   59   62   68
   77   77   75   74   74   81   74   68   67   62   60   60   56   51   45   41
   41   41   44   46   52   58   66   74   78
    50.0-180.0 180.0   5.0 450.0                            LAT/LON1/LON2/DLON/H
   86   91   96   97   99  101  101   98   93   90   88   87   85   83   81   78
   76   73   69   60   54   45   39   33   32   31   33   34   35   36   35   33
   31   32   34   36   39   40   42   47   47   54   60   62   67   72   78   82
   80   79   80   83   87   91   83   75   74   70   65   61   58   52   46   43
   43   44   50   53   60   67   75   84   88
    47.5-180.0 180.0   5.0 450.0                            LAT/LON1/LON2/DLON/H
   96  100  105  110  112  117  115  111  104  100   95   94   92   91   89   87
   85   82   77   70   61   51   44   40   39   40   40   42   44   42   40   38
   37   36   40   42   44   44   48   51   51   61   63   69   78   83   82   82
   81   83   85   88   90   89   81   76   74   71   68   64   60   55   51   47
   48   52   57   62   69   76   81   90   97
    45.0-180.0 180.0   5.0 450.0                            LAT/LON1/LON2/DLON/H
  101  104  110  116  123  128  125  122  114  108  103  101  100   98   95   93
   93   91   87   78   71   60   54   50   46   48   50   51   50   47   44   42
   41   41   43   45   47   48   51   56   62   67   70   75   78   80   82   85
   87   86   92   92   91   89   81   77   74   71   69   67   63   57   55   52
   55   59   64   69   75   81   86   92  101
    42.5-180.0 180.0   5.0 450.0                            LAT/LON1/LON2/DLON/H
  102  105  113  122  129  136  137  133  125  118  111  109  105  104  103  100
   97   96   94   88   80   72   64   60   57   57   56   56   54   50   48   46
   45   46   47   48   48   52   56   58   62   65   68   78   78   82   82   83
   85   92   97   95   94   89   82   77   74   71   69   68   66   60   58   55
   59   66   71   74   80   86   90   95  102
    40.0-180.0 180.0   5.0 450.0                            LAT/LON1/LON2/DLON/H
  103  109  114  125  135  143  146  143  135  127  121  115  113  110  107  105
  106  104  102   98   92   84   75   68   65   63   59   58   56   55   53   50
   48   48   50   51   52   54   57   60   63   67   70   74   81   83   84   86
   85   88   94   93   93   82   77   72   71   70   70   69   65   60   58   55
   62   70   76   80   86   91   94   99  104
    37.5-180.0 180.0   5.0 450.0                            LAT/LON1/LON2/DLON/H
  107  109  114  124  135  144  151  150  144  135  128  124  121  118  114  113
  113  115  113  111  103   94   85   75   71   66   62   61   61   60   56   52
   52   52   54   54   54   55   59   63   65   67   68   72   80   82   83   86
   84   85   85   81   79   75   72   69   68   68   69   67   61   56   56   59
   66   75   83   87   93   96   98  102  107
    35.0-180.0 180.0   5.0 450.0                            LAT/LON1/LON2/DLON/H
  111  113  115  122  130  140  149  150  148  141  134  133  129  126  121  120
  122  123  121  118  114  105   93   85   75   68   64   62   63   62   58   55
   55   55   57   57   58   59   59   63   64   70   73   75   81   83   83   84
   83   82   76   71   71   71   71   67   66   67   67   64   59   55   57   62
   71   82   90   93   99  101  103  107  111
    32.5-180.0 180.0   5.0 450.0                            LAT/LON1/LON2/DLON/H
  117  116  113  116  122  130  142  148  148  144  140  137  137  134  131  129
  126  127  126  124  119  114  101   93   83   73   64   60   60   59   58   61
   61   61   62   61   62   62   63   64   66   68   72   75   84   84   85   84
   79   74   69   69   70   71   71   69   66   65   66   65   61   57   58   65
   76   87   96  100  104  108  114  116  117
    30.0-180.0 180.0   5.0 450.0                            LAT/LON1/LON2/DLON/H
  126  123  116  114  115  119  130  142  147  145  144  143  141  141  137  135
  132  129  128  125  119  116  107   99   91   78   70   57   59   61   63   67
   68   69   70   69   68   67   67   67   68   69   72   73   78   79   80   78
   72   68   66   67   70   72   71   70   68   63   63   64   60   59   61   68
   79   90   99  105  111  119  126  128  128
    27.5-180.0 180.0   5.0 450.0                            LAT/LON1/LON2/DLON/H
  141  138  128  118  114  114  119  134  143  144  148  146  146  145  146  143
  137  132  127  123  119  117  111  103   92   85   74   60   61   67   71   78
   82   84   81   78   74   71   70   69   70   72   75   75   75   75   72   70
   65   59   60   64   67   68   67   63   61   58   59   59   58   57   59   67
   80   92  103  111  121  131  140  147  144
    25.0-180.0 180.0   5.0 450.0                            LAT/LON1/LON2/DLON/H
  159  156  146  134  123  120  120  129  137  146  150  149  149  147  146  148
  139  133  127  119  119  117  114  106   95   89   75   67   71   76   84   90
   95   94   94   88   80   78   72   71   71   72   74   74   75   72   67   65
   58   56   57   59   61   60   56   54   53   54   55   56   57   57   59   69
   82   95  107  117  132  142  153  161  162
    22.5-180.0 180.0   5.0 450.0                            LAT/LON1/LON2/DLON/H
  176  177  172  162  145  136  130  130  138  148  153  154  150  149  145  144
  135  127  125  119  117  116  116  111  100   89   81   84   85   88   97  107
  110  108  105   99   87   84   75   76   73   72   73   75   76   72   66   60
   55   54   56   56   57   56   54   51   49   50   51   51   53   57   61   71
   86   99  112  125  139  152  166  175  181
    20.0-180.0 180.0   5.0 450.0                            LAT/LON1/LON2/DLON/H
  194  200  199  196  179  164  153  147  147  154  158  159  157  153  147  141
  131  127  124  118  119  118  117  113  105   99  100  101  100  103  113  124
  128  120  111  105   93   86   80   76   75   72   72   74   75   70   64   61
   56   55   57   56   57   56   54   51   50   49   48   47   49   55   62   74
   91  105  119  134  149  162  176  190  199
    17.5-180.0 180.0   5.0 450.0                            LAT/LON1/LON2/DLON/H
  215  225  231  229  218  203  187  177  169  170  171  170  165  159  151  142
  133  128  126  123  124  122  120  117  116  116  115  113  111  118  127  135
  134  124  115  105   92   84   77   74   73   71   72   73   72   69   66   63
   59   58   59   59   58   56   53   51   50   48   46   48   50   55   65   81
  100  114  129  144  159  173  187  203  217
    15.0-180.0 180.0   5.0 450.0                            LAT/LON1/LON2/DLON/H
  231  247  257  261  254  240  224  212  201  194  194  189  182  173  157  146
  140  134  129  129  130  126  123  126  125  129  130  125  124  130  138  140
  137  124  111  101   89   80   75   73   73   72   73   74   73   73   72   68
   63   60   61   61   58   56   54   52   53   51   49   49   52   59   71   89
  108  125  138  154  170  184  199  214  231
    12.5-180.0 180.0   5.0 450.0                            LAT/LON1/LON2/DLON/H
  238  257  271  282  285  278  266  247  234  223  222  213  203  189  170  155
  148  142  141  140  137  139  134  135  136  140  141  137  135  136  138  136
  133  121  111  101   90   82   77   74   74   74   77   77   78   79   78   74
   67   63   62   60   59   58   52   51   51   49   47   46   50   60   75   93
  113  131  146  162  178  194  208  222  240
    10.0-180.0 180.0   5.0 450.0                            LAT/LON1/LON2/DLON/H
  239  257  273  289  303  310  296  284  267  256  247  241  231  211  192  172
  160  156  152  149  150  153  147  143  150  156  153  144  141  137  131  128
  129  121  114  108  100   90   84   79   75   77   79   78   82   85   83   77
   68   63   60   55   52   51   48   47   48   47   44   42   48   61   78   96
  116  135  154  171  187  203  215  226  241
     7.5-180.0 180.0   5.0 450.0                            LAT/LON1/LON2/DLON/H
  240  255  269  283  309  317  311  301  291  281  274  268  255  239  219  197
  179  173  170  171  173  175  171  163  170  173  164  154  148  142  123  126
  138  135  131  126  117  107   96   86   79   79   80   80   84   86   83   74
   67   61   59   55   47   45   44   46   48   48   45   42   47   61   80   99
  117  139  159  180  196  210  220  230  241
     5.0-180.0 180.0   5.0 450.0                            LAT/LON1/LON2/DLON/H
  244  253  263  276  292  305  306  305  301  297  293  293  278  263  253  232
  213  203  201  199  203  206  202  195  191  189  179  167  157  144  134  138
  150  151  149  145  136  122  107   94   89   87   88   88   87   86   83   74
   66   62   60   57   50   44   43   46   49   51   49   46   50   64   82   98
  116  137  158  182  201  216  227  237  244
     2.5-180.0 180.0   5.0 450.0                            LAT/LON1/LON2/DLON/H
  247  254  261  271  281  295  299  298  300  301  301  304  298  291  283  277
  260  253  238  240  236  230  227  230  213  201  192  178  164  158  161  158
  165  167  170  167  155  140  119  105  104   99   97   99   96   92   87   77
   68   64   62   59   54   45   43   46   50   53   53   51   55   68   87  103
  118  135  155  178  203  220  230  239  248
