data/igrg0010.18i
     1.0            IONOSPHERE MAPS     MIX                 IONEX VERSION / TYPE
tecrms2ionex_2.awk  GRL/UWM            01/02/18 2001UT      PGM / RUN BY / DATE
Global ionosphere maps for day   1, 2018 ( 1- 1-2018)       DESCRIPTION
IONEX file containing the COMBINED IGS Ionosphere maps      DESCRIPTION
from the combination of the following IAACs:                DESCRIPTION
esrg                                                        DESCRIPTION
jprg                                                        DESCRIPTION
uprg                                                        DESCRIPTION
Contact address: Andrzej Krankowski                         DESCRIPTION
                 Geodynamics Research Laboratory            DESCRIPTION
                 University of Warmia and Mazury (GRL/UWM)  DESCRIPTION
                 Oczapowski St. 1                           DESCRIPTION
                 10-957-Olsztyn, POLAND                     DESCRIPTION
                 e-mail:  kand@uwm.edu.pl                   DESCRIPTION
                                                            DESCRIPTION
  2018     1     1     0     0     0                        EPOCH OF FIRST MAP
  2018     1     2     0     0     0                        EPOCH OF LAST MAP
  7200                                                      INTERVAL
    13                                                      # OF MAPS IN FILE
  COSZ                                                      MAPPING FUNCTION
     0.0                                                    ELEVATION CUTOFF
Combined TEC calculated as weighted mean of input TEC valuesOBSERVABLES USED
   266                                                      # OF STATIONS
     0                                                      # OF SATELLITES
  6371.0                                                    BASE RADIUS
     2                                                      MAP DIMENSION
   450.0 450.0   0.0                                        HGT1 / HGT2 / DHGT
    87.5 -87.5  -2.5                                        LAT1 / LAT2 / DLAT
  -180.0 180.0   5.0                                        LON1 / LON2 / DLON
    -1                                                      EXPONENT
TEC values in  0.1 TECUs; 9999 if no value available        COMMENT
DCB values in nanoseconds, reference is Sum_of_SatDCBs = 0  COMMENT
                                                            END OF HEADER
     1                                                      START OF TEC MAP
  2018     1     1     0     0     0                        EPOCH OF CURRENT MAP
    87.5-180.0 180.0   5.0 450.0                            LAT/LON1/LON2/DLON/H
   36   36   36   36   36   36   35   35   35   35   35   34   34   34   34   33
   33   33   31   31   30   29   31   29   28   27   27   25   25   25   26   27
   27   26   25   25   26   27   26   25   26   26   29   29   30   29   27   28
   29   29   29   29   28   28   29   29   30   30   32   36   37   37   34   31
   32   32   32   32   35   36   37   36   36
    85.0-180.0 180.0   5.0 450.0                            LAT/LON1/LON2/DLON/H
   38   38   38   37   38   38   38   38   38   38   37   37   36   35   35   35
   35   34   32   32   30   29   29   28   25   24   23   22   22   21   22   23
   23   23   22   23   23   25   23   23   23   26   27   28   29   28   28   28
   29   30   31   31   31   32   32   33   33   34   36   41   42   41   40   35
   36   36   36   36   38   39   39   39   38
    82.5-180.0 180.0   5.0 450.0                            LAT/LON1/LON2/DLON/H
   38   38   39   40   43   44   43   43   42   42   40   39   38   38   37   37
   36   34   33   32   31   29   28   26   24   23   22   19   19   19   19   18
   19   19   20   21   22   23   23   23   24   26   27   28   29   29   29   29
   30   32   33   34   35   35   36   36   37   37   40   44   45   45   42   38
   39   39   38   37   38   39   40   38   38
    80.0-180.0 180.0   5.0 450.0                            LAT/LON1/LON2/DLON/H
   39   40   42   45   47   46   40   38   39   41   40   40   39   39   39   37
   36   34   33   32   30   29   27   25   24   23   21   18   18   18   17   17
   18   18   19   20   21   24   25   25   25   26   28   28   29   30   31   32
   32   34   35   35   37   37   38   38   38   39   41   46   47   47   44   40
   39   38   37   35   37   39   41   39   39
    77.5-180.0 180.0   5.0 450.0                            LAT/LON1/LON2/DLON/H
   42   43   44   46   47   49   48   47   49   48   44   42   43   43   41   38
   35   33   32   31   29   28   25   25   23   23   19   17   17   18   16   17
   17   18   19   22   25   25   25   25   27   28   28   29   29   29   32   33
   35   36   37   36   37   38   38   38   39   40   42   45   46   44   42   39
   37   36   35   34   34   39   41   41   42
    75.0-180.0 180.0   5.0 450.0                            LAT/LON1/LON2/DLON/H
   41   43   45   48   55   58   54   52   50   49   48   45   44   42   38   36
   36   34   34   31   29   28   26   27   25   24   19   20   19   19   17   18
   18   18   20   22   24   26   27   26   29   30   29   30   30   31   33   35
   35   37   38   36   37   38   38   38   39   41   41   40   40   38   38   36
   33   31   30   31   32   36   39   39   41
    72.5-180.0 180.0   5.0 450.0                            LAT/LON1/LON2/DLON/H
   42   42   44   49   52   58   59   58   56   53   51   44   43   43   42   39
   37   36   32   30   29   28   27   26   26   23   20   20   21   21   19   19
   20   23   24   24   24   27   28   29   30   31   30   30   31   32   35   37
   38   41   41   39   38   38   37   37   38   38   36   33   31   31   31   30
   28   27   27   28   30   34   38   40   43
    70.0-180.0 180.0   5.0 450.0                            LAT/LON1/LON2/DLON/H
   46   49   54   57   59   62   67   65   63   61   55   45   42   42   40   36
   36   33   31   28   27   26   26   26   27   26   23   25   23   22   20   21
   24   26   29   26   27   28   30   29   31   30   30   30   31   31   34   37
   38   42   41   38   37   35   33   34   34   33   33   27   26   24   25   25
   26   27   27   29   32   37   41   45   48
    67.5-180.0 180.0   5.0 450.0                            LAT/LON1/LON2/DLON/H
   54   58   63   70   70   71   70   70   68   62   56   49   43   41   36   36
   36   35   34   28   26   26   27   27   29   29   29   31   29   28   25   24
   25   28   30   28   31   32   31   28   28   28   29   30   29   32   31   31
   33   37   34   31   32   31   32   33   33   31   30   29   25   21   22   24
   28   30   31   34   37   43   46   54   56
    65.0-180.0 180.0   5.0 450.0                            LAT/LON1/LON2/DLON/H
   63   67   74   78   80   78   76   73   68   62   57   52   46   42   40   39
   38   40   35   28   25   26   28   27   27   27   31   32   29   29   29   27
   27   30   31   31   32   30   32   27   23   23   23   28   27   27   26   26
   28   32   33   32   32   33   34   34   31   31   30   29   25   23   23   26
   33   34   38   43   48   53   56   62   66
    62.5-180.0 180.0   5.0 450.0                            LAT/LON1/LON2/DLON/H
   75   78   80   85   86   86   83   76   73   65   59   54   49   45   42   38
   38   38   36   31   27   26   26   24   26   26   29   32   33   33   34   31
   31   33   32   28   27   24   25   22   17   17   17   21   23   24   23   23
   26   29   31   34   35   35   33   34   33   31   31   28   26   26   30   36
   42   45   47   54   58   64   65   71   77
    60.0-180.0 180.0   5.0 450.0                            LAT/LON1/LON2/DLON/H
   83   85   87   91   94   91   87   82   76   68   62   57   51   46   45   41
   37   35   35   35   30   26   22   22   25   26   26   33   35   35   38   34
   33   33   27   21   21   22   22   19   16   17   19   22   24   27   26   26
   29   30   32   34   34   35   35   34   35   35   35   31   32   36   40   48
   53   56   58   64   68   72   75   81   83
    57.5-180.0 180.0   5.0 450.0                            LAT/LON1/LON2/DLON/H
   86   89   93   97   97   97   91   87   80   75   67   60   55   51   50   46
   41   35   32   33   28   24   21   22   23   24   26   32   32   30   34   35
   36   32   28   23   25   25   24   23   22   23   26   30   32   33   32   32
   35   36   35   35   36   36   37   37   39   39   38   36   38   40   45   56
   64   70   71   76   78   81   84   84   86
    55.0-180.0 180.0   5.0 450.0                            LAT/LON1/LON2/DLON/H
   89   93   94   97  101  101   96   92   87   78   70   64   60   57   55   51
   45   40   33   30   25   20   20   21   21   23   28   32   35   34   35   34
   36   38   35   32   32   34   31   32   32   33   36   38   40   41   40   41
   42   43   40   39   39   41   41   42   43   43   43   42   45   47   53   62
   72   81   84   88   91   91   89   87   87
    52.5-180.0 180.0   5.0 450.0                            LAT/LON1/LON2/DLON/H
   94   95   97   97  101  105   99   98   92   85   75   70   66   63   59   54
   49   43   36   31   24   21   20   25   22   25   31   36   40   41   41   40
   41   43   42   41   39   41   42   41   43   43   43   46   51   48   47   47
   48   46   43   44   45   46   46   48   48   49   50   51   52   56   62   68
   75   87   93   97  101   99   98   95   94
    50.0-180.0 180.0   5.0 450.0                            LAT/LON1/LON2/DLON/H
  102  103  102  102  107  106  102  102   98   92   84   80   74   69   63   58
   51   45   38   32   26   23   23   29   26   29   37   42   45   48   48   46
   46   49   46   45   45   46   47   48   50   51   54   54   54   56   53   52
   52   47   45   47   50   51   53   54   55   54   55   55   59   63   69   74
   83   95   98  102  108  110  108  104  103
    47.5-180.0 180.0   5.0 450.0                            LAT/LON1/LON2/DLON/H
  109  108  106  106  108  108  106  104  103   99   93   87   81   74   68   62
   54   49   42   36   32   28   29   31   33   35   42   48   53   54   52   51
   52   51   49   49   50   50   52   54   56   55   59   61   58   59   55   57
   55   52   50   51   54   55   56   60   62   59   61   61   62   69   77   81
   86   94  102  109  115  116  116  113  110
    45.0-180.0 180.0   5.0 450.0                            LAT/LON1/LON2/DLON/H
  115  112  110  110  111  110  109  108  106  105  101   95   88   80   72   67
   58   52   46   41   38   36   38   40   42   48   54   60   63   60   57   56
   56   56   53   52   52   53   54   57   58   58   61   62   62   63   60   58
   57   56   56   57   58   58   61   64   66   64   67   70   72   76   80   85
   88   96  105  111  121  122  122  120  117
    42.5-180.0 180.0   5.0 450.0                            LAT/LON1/LON2/DLON/H
  122  119  116  115  115  113  110  109  109  111  108  104   96   88   79   71
   65   56   50   47   43   46   49   54   57   63   66   68   69   66   65   63
   61   59   57   55   54   53   56   59   59   60   61   63   63   65   63   60
   59   59   61   64   64   63   64   66   67   68   71   77   80   83   87   89
   90   96  102  111  120  124  126  127  125
    40.0-180.0 180.0   5.0 450.0                            LAT/LON1/LON2/DLON/H
  128  126  121  119  117  114  109  109  110  114  114  112  105   95   87   79
   70   62   56   53   53   53   58   68   73   73   76   76   74   72   72   70
   65   62   60   58   56   55   56   57   60   60   62   64   65   66   63   63
   62   62   66   68   67   66   67   68   66   70   74   80   83   89   91   91
   92   95  101  108  114  125  128  131  130
    37.5-180.0 180.0   5.0 450.0                            LAT/LON1/LON2/DLON/H
  128  125  124  122  119  114  108  107  110  116  118  117  113  104   94   88
   79   70   64   64   63   68   73   80   83   83   83   84   82   79   79   74
   68   63   60   57   55   57   56   57   60   62   63   64   64   66   66   65
   64   63   66   67   66   68   69   67   66   71   78   84   88   93   94   95
   94   96   99  105  112  124  126  129  131
    35.0-180.0 180.0   5.0 450.0                            LAT/LON1/LON2/DLON/H
  121  122  123  123  119  113  105  103  107  112  117  119  116  110  103   97
   88   78   74   72   75   83   86   85   87   88   87   90   86   82   79   74
   68   65   62   58   57   59   58   59   60   64   64   64   64   67   68   68
   64   62   63   63   65   66   67   67   67   73   80   88   92   95   97   99
   99  100  102  107  114  119  124  124  125
    32.5-180.0 180.0   5.0 450.0                            LAT/LON1/LON2/DLON/H
  116  116  119  122  120  113  104   99  102  108  112  115  116  113  109  105
   94   85   78   79   82   89   87   88   91   93   92   91   86   80   77   72
   69   68   65   63   63   59   58   62   62   65   65   63   66   67   67   67
   62   58   59   60   61   63   66   67   70   77   85   93   98  102  102  103
  104  106  108  113  118  124  126  118  114
    30.0-180.0 180.0   5.0 450.0                            LAT/LON1/LON2/DLON/H
  119  117  118  121  121  116  103   98   97  104  109  110  112  113  114  111
  104   94   88   87   83   83   82   89   93   94   92   90   85   80   77   73
   74   72   71   67   64   61   62   63   66   68   66   65   63   66   65   63
   58   56   56   57   58   62   65   69   74   81   88   96  103  108  110  111
  116  116  120  124  129  134  135  123  116
    27.5-180.0 180.0   5.0 450.0                            LAT/LON1/LON2/DLON/H
  132  127  127  126  126  119  109  102   97  100  104  105  108  113  114  112
  105   99   92   89   79   81   82   88   91   87   87   86   84   78   76   75
   76   78   77   71   67   66   66   66   68   69   66   64   61   61   60   57
   54   53   53   53   56   60   64   70   78   83   88   98  105  112  115  119
  124  130  139  142  146  152  150  140  128
    25.0-180.0 180.0   5.0 450.0                            LAT/LON1/LON2/DLON/H
  163  153  148  143  138  131  122  113  105  103  103  102  104  107  110  111
  105  101   93   86   79   82   86   82   81   81   82   83   80   79   76   75
   77   82   83   76   75   72   71   70   70   70   65   60   57   54   54   51
   50   49   49   49   52   56   60   69   77   84   90   99  108  114  120  125
  135  144  159  162  168  176  177  167  154
    22.5-180.0 180.0   5.0 450.0                            LAT/LON1/LON2/DLON/H
  205  194  179  172  165  157  146  132  121  111  108  101  100  102  106  104
  102   95   89   85   82   84   84   79   81   81   82   83   81   79   77   75
   76   85   87   82   83   79   77   75   70   68   60   56   53   50   50   47
   45   44   45   45   48   53   57   64   74   84   92  101  109  117  122  133
  147  162  180  184  192  200  206  205  196
    20.0-180.0 180.0   5.0 450.0                            LAT/LON1/LON2/DLON/H
  244  237  224  215  206  200  185  171  155  140  119  107  101  100  102   97
   95   89   80   82   83   81   81   84   82   81   84   90   85   83   79   78
   81   89   93   89   89   81   78   74   70   63   55   51   47   46   45   44
   42   41   42   43   46   51   55   63   75   86   95  102  109  118  127  141
  160  180  195  202  211  219  226  242  235
    17.5-180.0 180.0   5.0 450.0                            LAT/LON1/LON2/DLON/H
  271  267  261  253  249  246  236  224  202  180  141  122  108  103  100   96
   93   87   83   82   83   80   81   85   85   88   93   97   94   91   86   87
   90   95   98   92   88   79   76   71   66   58   50   47   44   42   43   42
   41   40   42   42   46   50   57   66   78   90  100  105  113  122  134  153
  174  195  210  218  225  232  247  268  262
    15.0-180.0 180.0   5.0 450.0                            LAT/LON1/LON2/DLON/H
  279  279  279  278  285  291  290  282  254  218  172  146  125  114  105   98
   93   85   84   84   82   81   85   85   95   98  101  108  108  101   96   98
   99  100   99   93   88   79   73   70   64   56   48   44   41   41   41   41
   41   42   42   42   44   51   58   69   82   96  107  113  119  129  143  164
  187  206  221  227  231  237  253  274  271
    12.5-180.0 180.0   5.0 450.0                            LAT/LON1/LON2/DLON/H
  274  278  280  291  303  317  326  324  299  255  213  174  146  132  115  104
   94   88   85   83   84   83   83   88   99  105  113  120  116  108  102  104
  105  101   98   93   87   78   71   69   66   57   48   43   41   41   41   41
   42   43   41   41   43   49   57   70   86  101  111  117  124  135  150  172
  194  212  224  229  231  238  250  268  272
    10.0-180.0 180.0   5.0 450.0                            LAT/LON1/LON2/DLON/H
  265  268  273  290  306  324  339  341  327  282  242  201  172  148  131  115
  103   98   90   86   83   88   85   99  102  110  126  129  126  112  109  109
  110  104  100   96   90   81   74   71   69   58   50   45   43   43   42   43
   42   41   41   41   43   46   55   70   86  100  108  116  124  136  155  178
  195  211  222  227  233  239  246  260  266
     7.5-180.0 180.0   5.0 450.0                            LAT/LON1/LON2/DLON/H
  252  255  257  270  292  311  329  341  331  301  258  225  197  170  150  131
  113  104   96   90   87   88   91  101  108  116  139  133  129  114  112  112
  110  108  104   99   95   87   78   75   71   61   53   51   49   47   46   45
   42   40   40   40   40   43   52   70   85   99  108  117  127  139  157  177
  190  205  217  224  232  236  239  249  253
     5.0-180.0 180.0   5.0 450.0                            LAT/LON1/LON2/DLON/H
  241  243  244  251  264  290  310  315  316  303  267  240  216  190  170  143
  127  115  102   97   96   97  101  110  119  128  137  124  118  114  114  114
  112  112  110  102   97   86   82   77   69   61   57   56   55   54   53   49
   42   40   40   40   40   43   54   71   88  103  112  122  132  143  158  174
  188  202  213  221  228  231  232  237  240
     2.5-180.0 180.0   5.0 450.0                            LAT/LON1/LON2/DLON/H
  237  238  236  232  242  258  279  289  292  287  265  246  228  205  186  161
  143  129  115  108  102  104  110  119  128  134  131  122  112  118  118  119
  114  117  113  106   98   88   83   76   70   67   63   61   61   60   57   50
   43   40   41   42   43   48   60   75   90  107  117  125  134  144  156  171
  186  203  213  221  228  232  234  237  236
