data/igrg0010.18i
     1.0            IONOSPHERE MAPS     MIX                 IONEX VERSION / TYPE
tecrms2ionex_2.awk  GRL/UWM            01/02/18 2001UT      PGM / RUN BY / DATE
Global ionosphere maps for day   1, 2018 ( 1- 1-2018)       DESCRIPTION
IONEX file containing the COMBINED IGS Ionosphere maps      DESCRIPTION
from the combination of the following IAACs:                DESCRIPTION
esrg                                                        DESCRIPTION
jprg                                                        DESCRIPTION
uprg                                                        DESCRIPTION
Contact address: Andrzej Krankowski                         DESCRIPTION
                 Geodynamics Research Laboratory            DESCRIPTION
                 University of Warmia and Mazury (GRL/UWM)  DESCRIPTION
                 Oczapowski St. 1                           DESCRIPTION
                 10-957-Olsztyn, POLAND                     DESCRIPTION
                 e-mail:  kand@uwm.edu.pl                   DESCRIPTION
                                                            DESCRIPTION
  2018     1     1     0     0     0                        EPOCH OF FIRST MAP
  2018     1     2     0     0     0                        EPOCH OF LAST MAP
  7200                                                      INTERVAL
    13                                                      # OF MAPS IN FILE
  COSZ                                                      MAPPING FUNCTION
     0.0                                                    ELEVATION CUTOFF
Combined TEC calculated as weighted mean of input TEC valuesOBSERVABLES USED
   266                                                      # OF STATIONS
     0                                                      # OF SATELLITES
  6371.0                                                    BASE RADIUS
     2                                                      MAP DIMENSION
   450.0 450.0   0.0                                        HGT1 / HGT2 / DHGT
    87.5 -87.5  -2.5                                        LAT1 / LAT2 / DLAT
  -180.0 180.0   5.0                                        LON1 / LON2 / DLON
    -1                                                      EXPONENT
TEC values in  0.1 TECUs; 9999 if no value available        COMMENT
DCB values in nanoseconds, reference is Sum_of_SatDCBs = 0  COMMENT
                                                            END OF HEADER
[from data line 1287]
     4                                                      START OF TEC MAP
  2018     1     1     6     0     0                        EPOCH OF CURRENT MAP
    87.5-180.0 180.0   5.0 450.0                            LAT/LON1/LON2/DLON/H
   31   31   31   31   30   30   30   31   30   27   26   27   29   29   27   25
   26   26   27   28   28   28   26   26   26   26   26   27   27   28   28   28
   28   28   28   28   27   27   27   27   28   30   31   33   34   35   35   35
   34   33   31   30   30   30   30   29   29   29   32   32   32   32   32   31
   31   31   31   32   33   33   34   33   33
    85.0-180.0 180.0   5.0 450.0                            LAT/LON1/LON2/DLON/H
   34   33   33   32   31   31   32   31   30   26   25   26   26   26   23   22
   22   22   23   24   24   23   23   23   23   24   25   25   26   26   27   28
   28   29   28   28   28   28   28   29   29   31   32   34   35   36   37   37
   37   35   33   32   33   33   34   33   32   34   37   36   36   35   35   34
   34   36   38   38   37   36   36   36   36
    82.5-180.0 180.0   5.0 450.0                            LAT/LON1/LON2/DLON/H
   35   35   34   34   33   33   33   32   30   27   25   26   25   23   21   20
   18   19   20   19   19   19   19   20   21   23   23   24   25   26   28   29
   29   31   30   32   32   33   33   31   31   33   34   35   35   36   37   36
   36   35   33   32   33   34   36   36   35   38   38   38   38   38   38   38
   37   40   39   42   39   38   40   40   39
    80.0-180.0 180.0   5.0 450.0                            LAT/LON1/LON2/DLON/H
   38   36   35   34   35   36   33   32   31   28   26   24   22   19   17   17
   16   17   15   15   16   18   17   18   19   20   21   23   25   26   28   30
   31   31   34   35   36   36   35   34   33   34   36   34   36   35   35   34
   34   33   32   33   34   34   35   37   37   38   38   39   40   40   40   39
   40   46   44   44   40   41   43   45   43
    77.5-180.0 180.0   5.0 450.0                            LAT/LON1/LON2/DLON/H
   40   39   38   35   36   37   37   33   30   27   23   21   19   16   16   15
   14   16   14   14   15   15   15   17   17   18   20   23   25   28   31   32
   32   33   33   34   34   36   37   37   35   34   35   32   34   33   32   32
   32   33   35   36   37   35   36   36   37   37   37   38   39   39   39   41
   43   48   45   47   45   46   44   45   43
    75.0-180.0 180.0   5.0 450.0                            LAT/LON1/LON2/DLON/H
   39   39   41   37   38   35   34   33   30   27   25   23   21   18   16   16
   16   15   14   15   14   15   16   17   18   20   21   23   23   25   28   28
   32   33   34   34   33   36   36   36   35   32   31   29   27   27   27   27
   28   29   32   36   36   34   36   38   39   38   37   38   38   38   39   40
   40   40   38   37   38   41   40   44   41
    72.5-180.0 180.0   5.0 450.0                            LAT/LON1/LON2/DLON/H
   37   39   39   36   40   36   36   34   32   30   26   24   23   21   19   17
   15   13   13   15   15   16   16   18   19   21   23   24   25   24   27   28
   30   31   33   30   34   32   32   31   30   30   26   22   21   23   22   23
   25   27   28   31   33   34   36   39   40   40   39   39   38   39   39   39
   36   35   35   33   33   34   34   38   38
    70.0-180.0 180.0   5.0 450.0                            LAT/LON1/LON2/DLON/H
   32   35   36   35   37   37   37   35   35   32   30   29   24   21   19   16
   15   16   17   17   17   18   18   21   22   25   25   26   27   29   31   31
   31   32   32   31   29   29   28   23   22   24   18   18   18   20   19   20
   24   27   30   34   36   39   41   43   44   46   45   46   45   45   43   42
   41   37   34   32   30   30   28   30   31
    67.5-180.0 180.0   5.0 450.0                            LAT/LON1/LON2/DLON/H
   26   28   30   31   35   35   37   37   35   34   33   31   28   23   21   16
   18   19   20   20   19   21   21   23   25   28   28   30   29   30   33   30
   29   30   28   26   21   22   25   21   20   19   18   18   19   20   22   25
   27   31   36   40   43   46   49   51   53   53   54   55   56   55   52   50
   46   42   39   34   33   31   27   25   27
    65.0-180.0 180.0   5.0 450.0                            LAT/LON1/LON2/DLON/H
   26   28   29   31   34   36   37   37   35   35   34   31   28   26   23   20
   22   20   21   23   21   23   25   26   27   29   29   29   30   31   32   31
   25   23   23   22   19   21   19   19   18   18   18   18   20   21   28   32
   36   41   45   49   51   56   59   62   64   63   62   62   62   61   58   52
   47   47   45   39   37   33   29   27   27
    62.5-180.0 180.0   5.0 450.0                            LAT/LON1/LON2/DLON/H
   30   30   30   32   33   32   34   34   37   33   34   31   31   28   24   24
   26   23   24   22   26   26   26   28   30   29   30   30   31   31   31   27
   18   19   18   20   20   19   18   18   17   17   16   19   22   26   35   39
   45   51   54   57   60   65   67   70   72   71   68   66   64   60   59   54
   49   47   47   39   40   35   32   31   30
    60.0-180.0 180.0   5.0 450.0                            LAT/LON1/LON2/DLON/H
   32   32   34   33   33   34   30   33   34   33   33   31   30   28   26   26
   27   26   24   26   30   29   30   30   31   34   34   34   31   29   30   23
   21   20   17   18   18   17   16   17   17   17   19   23   29   35   44   50
   55   59   63   66   69   72   74   75   76   78   77   73   73   69   65   60
   57   53   48   44   43   37   36   35   32
    57.5-180.0 180.0   5.0 450.0                            LAT/LON1/LON2/DLON/H
   36   36   35   37   35   36   33   34   32   34   33   30   31   29   29   28
   28   27   27   28   31   33   30   33   33   35   33   31   32   29   25   23
   20   21   18   17   17   17   18   17   20   22   26   31   39   48   55   62
   67   72   74   77   79   81   82   82   85   85   84   81   81   78   74   67
   65   60   57   52   47   43   39   39   36
    55.0-180.0 180.0   5.0 450.0                            LAT/LON1/LON2/DLON/H
   41   39   39   41   39   39   40   40   35   36   32   30   31   30   29   30
   31   31   33   33   34   34   35   35   34   32   30   29   30   30   22   22
   19   19   19   19   20   19   22   23   25   29   35   44   51   60   68   73
   78   82   86   89   89   90   91   91   90   90   88   83   83   83   80   77
   73   68   65   59   55   49   45   42   40
    52.5-180.0 180.0   5.0 450.0                            LAT/LON1/LON2/DLON/H
   45   44   43   45   46   45   45   43   40   35   33   33   30   29   31   33
   32   36   41   40   34   38   39   33   33   32   31   28   28   27   26   23
   21   23   21   23   25   26   27   28   30   36   44   51   61   71   79   82
   86   87   92   95   96   97   98   98   94   93   92   90   88   87   86   83
   77   74   71   66   62   56   51   47   45
    50.0-180.0 180.0   5.0 450.0                            LAT/LON1/LON2/DLON/H
   50   49   51   50   50   49   47   47   48   43   38   35   33   33   33   34
   33   33   37   37   35   33   34   34   35   35   34   33   31   30   29   24
   23   26   25   27   27   28   31   35   38   43   52   63   71   78   85   90
   91   91   94   96   96   98  100  101  100   98   98   95   93   92   92   86
   82   80   77   72   68   62   56   52   52
    47.5-180.0 180.0   5.0 450.0                            LAT/LON1/LON2/DLON/H
   54   51   52   52   54   53   52   50   50   49   47   44   40   39   38   38
   37   37   39   38   39   38   38   39   42   41   40   41   37   34   31   27
   27   30   29   30   31   33   36   40   46   53   62   69   77   85   90   95
   94   95   97   98   99  104  107  106  103  101  101   98   97   94   95   93
   89   86   82   77   71   66   60   56   54
    45.0-180.0 180.0   5.0 450.0                            LAT/LON1/LON2/DLON/H
   56   54   54   53   56   57   57   55   54   54   53   49   48   44   46   46
   46   47   48   47   48   47   48   49   50   50   49   47   43   39   36   32
   31   32   34   35   37   38   41   45   52   59   67   76   82   89   93   98
  101  103  106  106  109  114  114  109  108  104  102  100  100   97   98   98
   97   94   89   82   74   69   65   59   55
    42.5-180.0 180.0   5.0 450.0                            LAT/LON1/LON2/DLON/H
   59   56   54   54   56   59   60   60   59   58   59   58   55   53   54   54
   56   57   57   57   60   58   60   59   59   60   56   51   47   43   40   38
   36   36   37   38   40   41   44   50   57   66   74   80   86   90   97  102
  107  111  116  119  120  122  119  115  115  112  107  105  104  103  104  105
  104  101   92   87   78   71   67   62   57
    40.0-180.0 180.0   5.0 450.0                            LAT/LON1/LON2/DLON/H
   63   58   55   55   56   59   62   60   59   66   63   63   61   61   63   64
   65   67   67   70   71   73   71   72   71   68   60   56   52   47   42   42
   40   39   40   41   42   44   48   53   63   71   80   87   92   98  104  107
  111  117  121  126  127  129  124  121  121  119  112  108  107  106  107  107
  106  103   96   88   81   73   69   65   61
    37.5-180.0 180.0   5.0 450.0                            LAT/LON1/LON2/DLON/H
   63   59   56   55   55   56   62   60   62   67   70   69   68   69   70   70
   73   75   80   79   83   86   84   79   77   67   61   58   58   53   47   43
   41   43   44   45   44   45   51   59   68   76   84   90   94  100  104  110
  115  120  127  133  136  136  128  125  126  123  115  111  109  105  105  105
  105  103   99   88   83   77   72   67   61
    35.0-180.0 180.0   5.0 450.0                            LAT/LON1/LON2/DLON/H
   63   57   54   54   50   52   55   59   63   71   75   74   74   73   75   77
   78   82   85   91   93   93   89   81   75   70   65   61   62   57   49   45
   45   44   45   45   47   49   54   63   73   81   88   92   96  102  108  115
  120  126  134  140  142  141  134  130  131  128  122  117  113  109  105  106
  108  106  107   96   88   81   74   68   62
    32.5-180.0 180.0   5.0 450.0                            LAT/LON1/LON2/DLON/H
   62   56   53   53   48   48   51   57   62   71   78   80   79   79   80   81
   84   88   91   99   98   95   88   84   79   73   67   61   59   55   49   49
   50   49   49   49   49   52   55   66   77   83   92   97  102  106  112  120
  125  131  137  142  144  143  141  139  138  135  131  126  122  118  114  114
  115  116  113  107   99   87   77   69   62
    30.0-180.0 180.0   5.0 450.0                            LAT/LON1/LON2/DLON/H
   64   59   57   54   49   49   50   53   59   71   77   80   82   82   82   84
   86   90   94   97   94   93   82   84   76   69   64   60   60   56   53   52
   52   51   51   51   50   52   57   67   79   89   95  101  104  108  116  124
  129  133  138  143  146  147  149  148  147  144  140  137  135  133  129  126
  126  124  121  115  107   94   83   73   64
    27.5-180.0 180.0   5.0 450.0                            LAT/LON1/LON2/DLON/H
   71   65   62   59   56   54   51   50   54   65   74   78   80   81   82   84
   84   88   90   90   89   89   88   82   70   63   59   56   57   58   58   58
   57   54   54   52   50   52   58   70   82   93   99  104  105  111  120  128
  132  135  138  143  143  147  151  154  154  152  151  149  146  146  144  142
  140  135  130  126  117  105   92   83   74
    25.0-180.0 180.0   5.0 450.0                            LAT/LON1/LON2/DLON/H
   82   76   73   67   62   59   54   51   52   60   70   75   78   78   78   79
   81   88   85   81   84   86   81   77   68   62   57   54   53   59   61   60
   57   54   51   49   48   51   59   73   86   97  103  106  110  116  125  133
  136  138  141  142  143  149  154  159  160  162  166  167  166  162  161  155
  152  147  142  137  130  118  104   94   85
    22.5-180.0 180.0   5.0 450.0                            LAT/LON1/LON2/DLON/H
   94   88   84   77   71   67   60   55   53   60   68   70   73   74   75   73
   79   81   78   81   81   79   79   74   69   62   55   52   52   57   59   57
   52   51   49   47   46   51   61   76   90  102  108  112  118  124  134  138
  142  143  146  147  147  156  160  165  169  176  185  185  188  183  182  178
  169  162  157  151  143  132  119  109   99
    20.0-180.0 180.0   5.0 450.0                            LAT/LON1/LON2/DLON/H
  109  100   93   85   80   75   68   60   57   61   65   66   68   69   65   69
   72   75   76   74   75   76   76   71   67   61   56   53   51   52   54   52
   47   46   44   44   46   52   62   78   93  106  113  120  125  131  142  149
  151  153  156  160  160  167  170  176  182  191  208  212  212  207  201  201
  191  180  177  165  158  147  136  125  113
    17.5-180.0 180.0   5.0 450.0                            LAT/LON1/LON2/DLON/H
  123  111  102   95   89   81   73   66   64   63   63   63   65   65   61   66
   69   74   74   73   73   72   72   68   67   64   57   52   50   46   49   49
   47   43   43   41   45   51   63   78   93  107  119  127  134  140  152  158
  161  166  170  173  176  182  185  192  199  210  227  233  237  233  224  220
  213  202  198  186  176  165  153  141  127
    15.0-180.0 180.0   5.0 450.0                            LAT/LON1/LON2/DLON/H
  140  126  114  105   96   87   79   74   70   66   64   63   65   64   61   64
   70   74   73   70   72   72   72   70   69   65   56   50   44   41   48   51
   47   43   43   40   44   51   63   78   96  113  126  135  143  150  161  167
  172  179  182  188  193  200  204  213  224  236  243  256  261  260  249  237
  232  225  212  202  194  184  172  158  144
    12.5-180.0 180.0   5.0 450.0                            LAT/LON1/LON2/DLON/H
  158  143  127  113  103   96   87   82   77   72   68   66   65   63   61   65
   72   75   75   71   71   71   70   73   69   62   54   48   44   41   48   48
   45   42   41   40   43   52   67   84  102  119  134  144  150  158  168  176
  185  192  198  204  211  216  227  237  246  252  261  272  276  277  263  251
  244  232  220  210  202  196  184  175  160
    10.0-180.0 180.0   5.0 450.0                            LAT/LON1/LON2/DLON/H
  173  157  138  117  109  103   97   91   85   78   74   71   70   68   64   68
   72   71   73   75   71   71   76   73   70   64   52   47   45   39   43   42
   43   44   46   45   48   58   74   91  109  126  139  149  157  165  176  185
  197  205  215  222  227  229  240  246  250  259  268  276  278  279  268  256
  249  237  228  219  208  209  200  188  175
     7.5-180.0 180.0   5.0 450.0                            LAT/LON1/LON2/DLON/H
  186  168  143  126  116  109  101   97   92   84   80   75   73   70   70   70
   72   74   76   78   75   78   83   80   77   69   58   51   43   36   35   37
   44   49   50   51   56   66   81   98  114  130  143  154  163  171  183  194
  204  212  221  228  233  237  242  241  247  255  264  273  275  276  270  264
  255  243  237  227  220  216  212  200  187
     5.0-180.0 180.0   5.0 450.0                            LAT/LON1/LON2/DLON/H
  197  176  154  134  123  114  107  102   97   90   85   80   78   75   76   74
   77   82   83   87   83   83   86   84   79   72   59   50   41   36   35   39
   46   51   51   53   59   70   84  102  118  133  147  158  166  177  189  200
  205  212  219  224  230  234  238  236  244  249  261  270  271  274  276  276
  269  251  247  241  232  225  219  207  198
     2.5-180.0 180.0   5.0 450.0                            LAT/LON1/LON2/DLON/H
  204  182  160  142  128  117  110  105  100   95   89   85   76   78   78   78
   83   86   87   91   93   88   89   82   79   72   63   46   41   37   38   41
   47   51   51   53   59   71   86  105  123  139  153  163  171  181  192  200
  202  208  214  218  222  228  230  232  238  248  262  270  274  276  287  294
  288  270  266  258  249  237  231  218  206
