data/igrg0010.18i
     1.0            IONOSPHERE MAPS     MIX                 IONEX VERSION / TYPE
tecrms2ionex_2.awk  GRL/UWM            01/02/18 2001UT      PGM / RUN BY / DATE
Global ionosphere maps for day   1, 2018 ( 1- 1-2018)       DESCRIPTION
IONEX file containing the COMBINED IGS Ionosphere maps      DESCRIPTION
from the combination of the following IAACs:                DESCRIPTION
esrg                                                        DESCRIPTION
jprg                                                        DESCRIPTION
uprg                                                        DESCRIPTION
Contact address: Andrzej Krankowski                         DESCRIPTION
                 Geodynamics Research Laboratory            DESCRIPTION
                 University of Warmia and Mazury (GRL/UWM)  DESCRIPTION
                 Oczapowski St. 1                           DESCRIPTION
                 10-957-Olsztyn, POLAND                     DESCRIPTION
                 e-mail:  kand@uwm.edu.pl                   DESCRIPTION
                                                            DESCRIPTION
  2018     1     1     0     0     0                        EPOCH OF FIRST MAP
  2018     1     2     0     0     0                        EPOCH OF LAST MAP
  7200                                                      INTERVAL
    13                                                      # OF MAPS IN FILE
  COSZ                                                      MAPPING FUNCTION
     0.0                                                    ELEVATION CUTOFF
Combined TEC calculated as weighted mean of input TEC valuesOBSERVABLES USED
   266                                                      # OF STATIONS
     0                                                      # OF SATELLITES
  6371.0                                                    BASE RADIUS
     2                                                      MAP DIMENSION
   450.0 450.0   0.0                                        HGT1 / HGT2 / DHGT
    87.5 -87.5  -2.5                                        LAT1 / LAT2 / DLAT
  -180.0 180.0   5.0                                        LON1 / LON2 / DLON
    -1                                                      EXPONENT
TEC values in  0.1 TECUs; 9999 if no value available        COMMENT
DCB values in nanoseconds, reference is Sum_of_SatDCBs = 0  COMMENT
                                                            END OF HEADER
[from data line 3432]
     9                                                      START OF TEC MAP
  2018     1     1    16     0     0                        EPOCH OF CURRENT MAP
    87.5-180.0 180.0   5.0 450.0                            LAT/LON1/LON2/DLON/H
   15   15   15   14   14   13   13   13   13   13   15   15   14   14   13   14
   14   14   14   14   13   13   13   13   14   14   14   14   14   14   14   14
   14   14   14   15   15   15   15   14   15   14   14   15   15   15   15   15
   15   15   14   14   14   14   14   15   16   16   19   20   20   19   20   20
   20   19   19   18   18   17   16   16   16
    85.0-180.0 180.0   5.0 450.0                            LAT/LON1/LON2/DLON/H
   16   16   15   16   15   15   14   14   14   14   15   15   15   14   15   15
   15   16   17   16   16   16   16   17   17   17   16   16   16   16   17   16
   16   15   15   15   15   15   14   15   15   15   16   16   17   17   17   17
   17   17   17   18   17   16   18   19   19   20   21   23   22   22   22   22
   21   20   20   19   18   17   17   16   16
    82.5-180.0 180.0   5.0 450.0                            LAT/LON1/LON2/DLON/H
   17   18   17   18   18   15   16   16   15   15   16   16   16   16   16   17
   16   18   20   20   19   20   21   21   22   20   20   20   19   18   20   19
   18   16   16   16   14   14   15   16   16   17   18   17   18   18   19   19
   19   19   20   20   19   17   20   19   20   19   23   24   22   23   23   22
   22   21   20   19   19   19   17   17   17
    80.0-180.0 180.0   5.0 450.0                            LAT/LON1/LON2/DLON/H
   19   18   20   20   21   19   18   17   16   16   16   17   17   17   17   19
   19   19   20   20   20   20   22   23   23   21   19   21   20   19   18   20
   19   19   17   18   16   16   17   18   17   17   18   17   19   19   20   19
   20   20   22   22   19   17   17   20   18   19   21   20   20   21   22   21
   20   19   19   20   21   22   19   19   19
    77.5-180.0 180.0   5.0 450.0                            LAT/LON1/LON2/DLON/H
   21   21   21   21   21   20   19   18   17   17   18   17   16   17   19   21
   24   24   24   24   24   24   26   27   26   25   25   24   22   21   21   20
   19   19   17   17   17   17   17   17   17   17   18   17   19   19   20   19
   19   21   23   23   19   19   20   23   17   18   18   18   19   20   20   20
   18   17   17   21   24   23   22   21   21
    75.0-180.0 180.0   5.0 450.0                            LAT/LON1/LON2/DLON/H
   22   22   21   22   21   20   19   19   18   17   17   17   17   18   20   22
   24   26   27   28   31   32   32   32   31   31   29   27   26   24   21   22
   22   21   19   17   17   17   17   17   17   18   19   19   19   19   19   19
   19   20   22   21   18   18   28   27   16   16   17   19   19   19   20   19
   18   17   17   21   22   21   21   21   22
    72.5-180.0 180.0   5.0 450.0                            LAT/LON1/LON2/DLON/H
   20   21   22   21   21   20   19   17   18   16   16   16   18   19   19   22
   25   29   32   37   38   38   38   37   37   36   35   33   31   29   26   25
   24   22   22   21   20   19   18   17   17   16   15   18   18   17   16   17
   18   19   19   18   17   18   24   20   17   17   18   19   19   18   19   18
   17   16   18   19   19   19   19   20   20
    70.0-180.0 180.0   5.0 450.0                            LAT/LON1/LON2/DLON/H
   21   21   22   22   20   19   17   16   15   15   15   15   16   18   20   23
   26   31   36   38   41   42   43   44   43   42   41   39   37   34   32   30
   29   26   27   23   20   17   17   16   15   14   14   16   16   16   15   15
   15   15   16   18   17   17   20   18   19   20   20   20   20   21   18   17
   14   12   13   15   14   16   20   21   21
    67.5-180.0 180.0   5.0 450.0                            LAT/LON1/LON2/DLON/H
   24   22   23   21   20   18   17   15   14   15   15   16   17   19   21   25
   27   34   38   39   44   48   48   49   47   47   46   44   41   39   37   35
   32   30   28   23   20   18   17   16   15   15   14   15   15   16   17   16
   15   14   17   18   18   20   22   24   25   26   24   27   26   25   24   23
   17   15   16   17   16   16   22   21   24
    65.0-180.0 180.0   5.0 450.0                            LAT/LON1/LON2/DLON/H
   26   26   23   21   20   18   17   14   14   15   14   15   17   18   21   26
   30   38   41   43   48   50   51   52   53   52   50   48   46   43   40   38
   36   33   30   27   23   21   18   17   16   15   15   15   17   18   18   18
   17   17   19   18   21   24   30   31   31   32   31   34   32   27   30   27
   24   20   21   22   22   23   23   25   25
    62.5-180.0 180.0   5.0 450.0                            LAT/LON1/LON2/DLON/H
   30   29   26   24   21   19   16   16   14   14   15   15   17   19   22   28
   34   38   44   46   48   50   52   54   54   54   53   50   49   46   44   42
   40   38   34   31   28   25   22   20   19   18   16   17   19   18   20   21
   24   21   23   22   26   32   37   35   38   37   35   38   38   35   34   31
   31   27   27   27   26   28   26   30   30
    60.0-180.0 180.0   5.0 450.0                            LAT/LON1/LON2/DLON/H
   34   33   31   28   25   22   18   16   15   15   14   15   17   21   23   29
   35   39   43   49   49   50   53   55   55   55   56   55   52   52   48   47
   45   41   38   35   32   27   25   24   22   22   21   23   25   26   24   27
   29   27   30   30   38   39   38   44   49   45   45   51   53   52   48   45
   40   36   37   34   33   35   35   35   34
    57.5-180.0 180.0   5.0 450.0                            LAT/LON1/LON2/DLON/H
   43   42   39   36   32   26   23   21   18   17   17   17   19   23   27   32
   38   41   46   50   52   53   55   56   57   58   58   57   57   57   55   52
   50   46   42   39   36   32   30   29   29   27   29   30   34   34   32   36
   37   37   40   43   46   45   45   50   56   55   57   63   66   63   62   58
   52   47   45   43   43   44   43   42   43
    55.0-180.0 180.0   5.0 450.0                            LAT/LON1/LON2/DLON/H
   53   50   48   43   38   36   31   29   24   22   21   22   24   27   31   37
   42   46   51   55   55   58   58   59   60   61   62   62   63   63   63   61
   56   51   47   44   41   39   36   35   36   37   40   42   44   47   47   47
   51   52   54   55   57   58   58   60   64   62   63   65   68   70   67   64
   58   54   54   53   51   51   50   49   52
    52.5-180.0 180.0   5.0 450.0                            LAT/LON1/LON2/DLON/H
   59   59   56   53   51   48   41   36   31   29   28   28   30   32   37   40
   47   52   56   60   62   64   64   65   65   66   67   68   69   69   68   67
   63   57   52   48   45   43   42   41   41   44   50   52   56   58   59   59
   61   67   69   71   76   80   77   74   73   73   72   72   72   70   67   65
   63   60   58   57   55   55   57   58   60
    50.0-180.0 180.0   5.0 450.0                            LAT/LON1/LON2/DLON/H
   64   65   64   60   58   55   50   45   38   35   35   36   38   39   42   47
   52   57   61   67   68   72   71   72   72   70   71   73   73   74   73   72
   70   65   58   52   51   48   47   48   50   55   59   63   67   71   70   66
   75   75   77   85   90   88   85   82   84   84   80   79   74   69   69   66
   64   62   59   57   56   57   59   60   64
    47.5-180.0 180.0   5.0 450.0                            LAT/LON1/LON2/DLON/H
   65   64   65   64   62   59   55   51   44   43   44   45   48   51   51   55
   59   65   70   76   78   79   79   79   79   78   77   78   78   79   79   77
   75   71   64   60   56   54   53   55   58   62   66   73   76   76   84   77
   82   84   83   91   88   88   87   89   87   83   78   75   71   71   72   70
   66   62   60   59   56   58   62   65   65
    45.0-180.0 180.0   5.0 450.0                            LAT/LON1/LON2/DLON/H
   65   63   63   63   63   60   58   55   50   51   51   54   56   59   59   62
   67   72   78   83   88   90   90   90   88   87   85   84   84   83   84   82
   79   76   70   65   60   59   59   59   64   69   74   78   81   86   85   88
   90   91   94   95   95   94   93   90   86   81   79   76   73   72   73   71
   69   64   60   58   56   57   59   63   64
    42.5-180.0 180.0   5.0 450.0                            LAT/LON1/LON2/DLON/H
   60   60   60   61   61   60   58   58   56   56   59   63   67   68   69   72
   74   81   87   92   97  100  102  101   98   96   94   90   87   86   88   88
   86   81   75   71   67   65   65   67   70   73   77   81   86   91   90   94
   96   97  105  107  106  102   99   92   87   79   79   80   81   77   76   72
   70   65   60   57   56   55   56   57   59
    40.0-180.0 180.0   5.0 450.0                            LAT/LON1/LON2/DLON/H
   56   55   56   57   58   58   57   59   59   61   66   73   76   79   81   81
   85   89   95  100  106  108  108  110  107  104  100   96   92   90   91   91
   91   87   83   81   75   75   72   75   74   77   80   85   92   95   99  103
  101  100  112  113  108  106  103   90   82   78   77   78   82   77   73   68
   65   62   60   57   55   54   54   54   55
    37.5-180.0 180.0   5.0 450.0                            LAT/LON1/LON2/DLON/H
   52   51   51   52   52   54   55   58   61   64   72   80   87   90   91   91
   92   99  102  109  113  116  116  114  110  108  104  102  100   97   92   92
   94   93   92   88   84   82   83   79   79   77   82   87   91   95  102  102
  101  101  108  105  100  100   95   87   77   71   70   71   71   70   70   68
   64   62   58   56   54   54   53   52   51
    35.0-180.0 180.0   5.0 450.0                            LAT/LON1/LON2/DLON/H
   50   50   48   48   48   48   51   55   61   67   76   86   94  101  101  102
  105  107  112  117  121  120  118  116  111  112  110  109  107  105   97   94
   95   99   98  102   99   96   94   90   86   83   84   87   94   98  103  104
  102  101   99   96   93   93   89   82   74   69   68   67   66   67   70   68
   66   62   58   56   54   53   52   50   49
    32.5-180.0 180.0   5.0 450.0                            LAT/LON1/LON2/DLON/H
   48   47   45   43   43   41   44   51   59   70   78   90  102  109  110  110
  110  114  120  125  126  118  118  117  117  116  117  116  112  110  102  102
  103  106  114  117  117  111  109   99   94   89   85   89   96   99  103  105
  101   98   94   91   88   88   87   83   77   71   72   71   70   69   69   65
   66   61   59   57   53   51   52   50   48
    30.0-180.0 180.0   5.0 450.0                            LAT/LON1/LON2/DLON/H
   48   45   43   41   40   38   40   45   58   72   78   92  105  114  116  115
  119  120  123  121  120  119  119  116  119  118  123  121  118  111  106  107
  116  123  127  135  134  130  125  113  101   95   89   91   98   99  102  101
   95   92   89   87   88   90   91   90   83   75   75   74   73   72   71   68
   65   61   59   56   52   49   53   51   48
    27.5-180.0 180.0   5.0 450.0                            LAT/LON1/LON2/DLON/H
   48   47   44   41   39   37   38   42   59   71   78   92  105  115  123  123
  124  128  128  124  124  120  116  116  117  117  124  126  126  120  118  122
  130  144  150  158  159  152  143  125  111  100   95   91   94   97   99   98
   90   86   84   83   81   88   91   89   87   80   77   76   74   71   65   64
   62   60   58   53   49   47   49   53   50
    25.0-180.0 180.0   5.0 450.0                            LAT/LON1/LON2/DLON/H
   50   50   47   44   42   40   40   44   60   73   80   92  105  116  122  126
  128  129  127  126  124  122  119  119  115  118  127  132  136  136  136  142
  158  170  186  190  188  184  162  140  124  108  102   96   94   96   95   93
   86   80   79   79   83   86   85   84   82   78   79   77   74   70   61   59
   58   57   54   49   48   49   51   54   52
    22.5-180.0 180.0   5.0 450.0                            LAT/LON1/LON2/DLON/H
   50   52   51   49   46   44   45   48   63   77   81   92  104  111  120  126
  128  129  129  126  125  120  118  118  117  122  131  142  154  162  166  175
  190  207  221  227  229  219  180  163  137  118  116  101   95   95  100   98
   87   80   78   81   85   85   84   81   77   74   76   76   73   66   60   57
   57   52   49   49   50   50   50   54   53
    20.0-180.0 180.0   5.0 450.0                            LAT/LON1/LON2/DLON/H
   49   51   52   52   50   50   52   57   67   80   83   95  104  111  119  125
  125  126  129  129  124  120  119  120  123  130  140  161  184  195  202  214
  226  239  246  248  249  241  201  187  162  144  141  121  104  103  106  104
   91   85   84   85   88   89   86   81   76   76   77   77   70   63   59   56
   56   51   51   53   51   51   53   52   51
    17.5-180.0 180.0   5.0 450.0                            LAT/LON1/LON2/DLON/H
   47   48   52   53   53   54   58   65   75   84   89   99  108  115  120  128
  129  132  133  133  127  122  120  125  131  142  163  187  213  231  236  244
  253  255  255  252  246  234  215  199  181  165  158  145  128  125  123  115
  100   94   92   93   93   94   88   85   83   81   81   79   73   67   62   61
   60   57   57   55   50   49   49   49   48
    15.0-180.0 180.0   5.0 450.0                            LAT/LON1/LON2/DLON/H
   45   47   51   51   52   55   61   72   83   90   98  106  114  119  124  131
  136  140  141  139  135  130  128  132  142  162  188  212  235  253  255  260
  253  249  247  243  233  225  216  207  191  185  174  164  153  143  138  127
  111  102   99  100   99   96   91   90   90   85   82   81   77   73   69   67
   63   59   57   55   47   44   46   45   45
    12.5-180.0 180.0   5.0 450.0                            LAT/LON1/LON2/DLON/H
   42   45   49   48   50   54   62   75   90   99  107  115  121  126  129  135
  142  147  150  148  145  144  142  148  158  177  200  223  247  258  261  258
  253  248  246  235  229  224  222  216  197  194  187  176  167  158  148  139
  122  107  107  106  102   99   95   94   89   82   79   76   71   68   68   67
   63   58   55   52   46   43   43   41   41
    10.0-180.0 180.0   5.0 450.0                            LAT/LON1/LON2/DLON/H
   39   42   45   45   48   51   62   79   96  107  117  124  130  134  138  145
  153  160  163  165  161  162  164  170  185  207  221  244  255  256  256  255
  251  250  245  237  233  232  231  225  212  204  196  181  175  168  159  145
  127  112  113  111  103   99   97   95   87   80   74   70   68   68   68   66
   63   57   54   50   46   41   39   37   38
     7.5-180.0 180.0   5.0 450.0                            LAT/LON1/LON2/DLON/H
   38   40   41   42   43   49   61   79   99  113  125  132  140  144  151  159
  168  175  179  183  186  185  191  199  216  235  252  262  262  256  255  254
  252  252  252  249  247  244  245  240  228  220  212  201  189  180  164  146
  127  118  118  118  109  102  100   96   92   82   78   73   69   68   69   67
   63   57   53   48   44   40   36   36   37
     5.0-180.0 180.0   5.0 450.0                            LAT/LON1/LON2/DLON/H
   37   37   37   38   39   48   62   80  100  116  130  140  147  154  165  174
  185  195  201  204  210  211  223  233  246  259  268  272  265  259  256  256
  257  261  263  263  261  262  263  261  247  236  225  213  199  183  163  146
  130  123  123  123  118  113  105  103  100   93   89   81   75   72   73   72
   68   61   56   50   47   42   38   38   37
     2.5-180.0 180.0   5.0 450.0                            LAT/LON1/LON2/DLON/H
   37   36   37   35   37   46   61   81  101  118  133  146  153  165  179  192
  202  212  223  225  228  245  258  261  274  275  273  276  271  266  260  261
  267  270  273  273  275  280  282  278  265  250  235  223  209  183  159  142
  131  126  127  126  123  120  113  111  111  104  100   91   84   77   80   81
   75   68   61   56   50   47   43   39   39
